Cayin N3: verbatim Android UsbDeviceConnection.getRawDescriptors() capture
from a user-supplied Flowy USB diagnostic report.
Bus speed (USBDEVFS_GET_SPEED): HIGH.

RAW (329 bytes):
12 01 00 02 EF 02 01 40 87 2D 1A 00 00 01 01 02 03 01 09 02 37 01 02 01 00 C0 FA 08 0B 00 02 01
00 20 0D 09 04 00 00 00 01 01 20 00 09 24 01 00 02 04 40 00 00 08 24 0A 01 03 07 00 0E 11 24 02
02 01 01 00 01 02 03 00 00 00 00 00 00 0F 12 24 06 03 02 00 00 00 00 00 00 00 00 00 00 00 00 00
0C 24 03 04 02 03 00 03 01 00 00 11 09 04 01 00 00 01 02 20 00 09 04 01 01 02 01 02 20 00 10 24
01 02 00 01 01 00 00 00 02 03 00 00 00 00 06 24 02 01 04 18 07 05 02 05 00 04 02 08 25 01 01 00
02 10 00 07 05 82 11 04 00 04 09 04 01 02 02 01 02 20 00 10 24 01 02 00 01 01 00 00 00 02 03 00
00 00 00 06 24 02 01 04 10 07 05 02 05 00 04 02 08 25 01 01 00 02 10 00 07 05 82 11 04 00 04 09
04 01 03 02 01 02 20 00 10 24 01 02 00 01 01 00 00 00 02 03 00 00 00 00 06 24 02 01 04 20 07 05
02 05 00 04 02 08 25 01 01 00 02 10 00 07 05 82 11 04 00 04 09 04 01 04 02 01 02 20 00 10 24 01
02 00 01 00 00 00 80 02 00 00 00 00 00 06 24 02 01 04 20 07 05 02 05 00 04 02 08 25 01 01 00 02
10 00 07 05 82 11 04 00 04
