FIIO KA11: verbatim Android UsbDeviceConnection.getRawDescriptors() capture
from a user-supplied Flowy USB diagnostic report.
Bus speed (USBDEVFS_GET_SPEED): HIGH.

RAW (354 bytes):
12 01 00 02 EF 02 01 40 72 29 81 00 08 00 01 02 00 01 09 02 50 01 03 01 00 A0 32 09 04 00 00 01
03 00 00 00 09 21 00 01 00 01 22 5F 00 07 05 81 03 20 00 06 08 0B 01 02 01 00 20 03 09 04 01 00
00 01 01 20 03 09 24 01 00 02 0A 40 00 00 08 24 0A 01 07 07 00 00 11 24 02 03 01 01 00 01 02 03
00 00 00 00 00 00 00 0C 24 03 04 02 03 00 0A 01 00 00 00 12 24 06 0A 03 03 00 00 00 0C 00 00 00
0C 00 00 00 00 09 04 02 00 00 01 02 20 00 09 04 02 01 02 01 02 20 00 10 24 01 03 00 01 01 00 00
00 02 03 00 00 00 00 06 24 02 01 02 10 07 05 03 05 C8 00 01 08 25 01 00 00 02 02 00 07 05 84 11
04 00 04 09 04 02 02 02 01 02 20 00 10 24 01 03 00 01 01 00 00 00 02 03 00 00 00 00 06 24 02 01
03 18 07 05 03 05 2C 01 01 08 25 01 00 00 02 02 00 07 05 84 11 04 00 04 09 04 02 03 02 01 02 20
00 10 24 01 03 00 01 01 00 00 00 02 03 00 00 00 00 06 24 02 01 04 20 07 05 03 05 90 01 01 08 25
01 00 00 02 02 00 07 05 84 11 04 00 04 09 04 02 04 02 01 02 20 00 10 24 01 03 00 01 00 00 00 80
02 00 00 00 00 00 06 24 02 01 04 20 07 05 03 05 90 01 01 08 25 01 00 00 02 02 00 07 05 84 11 04
00 04
