SB X-Fi Surround 5.1: verbatim Android UsbDeviceConnection.getRawDescriptors() capture
from a user-supplied Flowy USB diagnostic report.
Bus speed (USBDEVFS_GET_SPEED): FULL.

RAW (712 bytes):
12 01 10 01 00 00 00 40 1E 04 42 30 00 01 01 02 03 01 09 02 B6 02 03 01 00 80 C8 09 04 00 00 01
01 01 00 00 0A 24 01 00 01 3D 00 02 01 02 0C 24 02 01 01 01 00 06 3F 00 00 00 09 24 03 03 01 03
00 01 00 0C 24 02 04 03 06 00 02 03 00 00 00 09 24 03 06 01 01 00 04 00 09 24 03 08 02 06 00 01
00 09 05 83 03 02 00 0A 00 00 09 04 01 00 00 01 02 00 00 09 04 01 01 02 01 02 00 00 07 24 01 01
00 01 00 0B 24 02 01 02 02 10 01 80 BB 00 09 05 01 05 C4 00 01 00 01 07 25 01 00 00 00 00 09 05
81 11 03 00 01 05 00 09 04 01 02 02 01 02 00 00 07 24 01 01 00 01 00 0B 24 02 01 02 03 18 01 80
BB 00 09 05 01 05 26 01 01 00 01 07 25 01 00 00 00 00 09 05 81 11 03 00 01 05 00 09 04 01 03 02
01 02 00 00 07 24 01 01 00 01 00 0B 24 02 01 06 02 10 01 80 BB 00 09 05 01 05 4C 02 01 00 01 07
25 01 00 00 00 00 09 05 81 11 03 00 01 05 00 09 04 01 04 02 01 02 00 00 07 24 01 01 00 01 00 0B
24 02 01 06 03 18 01 80 BB 00 09 05 01 05 72 03 01 00 01 07 25 01 00 00 00 00 09 05 81 11 03 00
01 05 00 09 04 01 05 02 01 02 00 00 07 24 01 01 00 01 00 0B 24 02 01 02 02 10 01 00 77 01 09 05
01 05 84 01 01 00 01 07 25 01 00 00 00 00 09 05 81 11 03 00 01 05 00 09 04 01 06 02 01 02 00 00
07 24 01 01 00 01 00 0B 24 02 01 02 03 18 01 00 77 01 09 05 01 05 46 02 01 00 01 07 25 01 00 00
00 00 09 05 81 11 03 00 01 05 00 09 04 01 07 02 01 02 00 00 07 24 01 01 00 01 20 0B 24 02 03 02
02 10 01 44 AC 00 09 05 01 05 B4 00 01 00 01 07 25 01 00 00 00 00 09 05 81 11 03 00 01 05 00 09
04 01 08 02 01 02 00 00 07 24 01 01 00 01 20 0B 24 02 03 02 02 10 01 80 BB 00 09 05 01 05 C4 00
01 00 01 07 25 01 00 00 00 00 09 05 81 11 03 00 01 05 00 09 04 02 00 00 01 02 00 00 09 04 02 01
01 01 02 00 00 07 24 01 06 00 01 00 0B 24 02 01 02 02 10 01 80 BB 00 09 05 82 25 C4 00 01 00 00
07 25 01 00 00 00 00 09 04 02 02 01 01 02 00 00 07 24 01 06 00 01 00 0B 24 02 01 02 03 18 01 80
BB 00 09 05 82 25 26 01 01 00 00 07 25 01 00 00 00 00 09 04 02 03 01 01 02 00 00 07 24 01 06 00
01 00 0B 24 02 01 02 02 10 01 00 77 01 09 05 82 25 84 01 01 00 00 07 25 01 00 00 00 00 09 04 02
04 01 01 02 00 00 07 24 01 06 00 01 00 0B 24 02 01 02 03 18 01 00 77 01 09 05 82 25 46 02 01 00
00 07 25 01 00 00 00 00
